########################################
### Generated by Minnator's Modforge ###
########################################

# Iberian Charter
trade_company_sevilla = {
	color = { 57 160 101 }
	provinces = {
		 206  207  208  215  216  217  218  219  221  222  223  224  225  226  227  228  229  230  231  232  334  367 1293 1745 1746 1747 
		1748 1749 1751 1851 2751 2754 2755 4150 4546 4547 4548 4551 4552 4553 4554 4555 4556 4558 4561 4563 4856 4857 10684 10685 10686 10687 
		10688 10689 10690 10691 10692 10693 10694 
	}

	names = {
	}
	names = {
	}
}

### Modified 2/15/2026 6:40:48 AM ###
# West Indian Charter
trade_company_west_india = {
	color = { 135 104 85 }
	provinces = {
		 503  504  505  512  513  514  515  516  517  521 2036 2051 2052 2053 2054 2066 2067 2072 2088 4430 4434 4454 4455 4456 4457 4480 
		4502 4503 4504 4505 4506 4507 4512 11571 11572 11573 11574 11575 11576 11577 12085 12086 12121 12122 12123 12124 12125 12126 12127 12128 12129 12130 
		12133 
	}

	names = {
		trigger = {
			OR = {
				tag = GBR
				tag = ENG
			}
			primary_culture = english
		}
	}
	names = {
	}
	names = {
	}
}

# East Indian Charter
trade_company_east_india = {
	color = { 230 0 0 }
	provinces = {
		 509  511  518  519  520  522  523  524  525  526  527  528  543  546  547  548  549  550  551  552  553  554  555  556  557  558 
		 559  560  561  562  563  564  565  566  567  568  570  571  573  574  579  580  581  582  583  584  585  586  587  588  589  590 
		 591  592  593  594  595  596  598  599  601  602  615  660  661  676  677  678  679  740 1101 1248 1787 1788 1815 1817 1950 1998 
		1999 2038 2039 2040 2041 2042 2043 2044 2045 2046 2047 2048 2049 2050 2055 2056 2057 2058 2059 2060 2061 2062 2063 2064 2065 2069 
		2070 2071 2080 2081 2082 2084 2087 2091 2092 2093 2094 2095 2096 2097 2098 2130 2133 2165 2166 2167 2381 2387 2388 2389 2390 2391 
		2392 2393 2394 2395 2396 2397 2398 2399 2400 2401 2402 2403 2404 2748 4212 4213 4393 4394 4395 4396 4397 4398 4399 4400 4402 4403 
		4404 4405 4406 4425 4440 4441 4442 4443 4445 4446 4447 4448 4450 4451 4452 4453 4458 4459 4460 4461 4462 4464 4465 4466 4467 4468 
		4469 4470 4471 4472 4473 4474 4475 4476 4477 4478 4479 4481 4482 4483 4484 4485 4486 4487 4488 4489 4490 4491 4492 4493 4494 4495 
		4496 4497 4498 4499 4500 4501 4514 4515 4516 4517 10111 10112 10113 10114 10115 10116 10117 10118 10119 10120 10121 10122 10123 10124 10125 10126 
		10127 10128 10129 10130 10131 10132 10133 10134 10135 10136 10137 10138 10139 10140 10141 10142 10143 10144 10145 10146 10147 10148 10149 10150 10151 10152 
		10153 10154 10155 10156 10157 10158 10159 10160 10161 10162 10163 10164 10165 10166 10167 10168 10169 10170 10171 10172 10173 10174 10175 10176 10177 10178 
		10179 10180 10181 10182 10183 10184 10185 10186 10187 10188 10208 10209 10210 10211 10212 10213 10214 10215 10216 10217 10218 10257 10258 10259 10260 11872 
		11873 11874 11875 11876 11877 11878 11879 11880 11882 11883 12028 12029 12030 12031 12032 12033 12034 12035 12036 12037 12038 12046 12047 12048 12049 12050 
		12051 12052 12053 12054 12055 12056 12057 12058 12059 12060 12061 12062 12063 12064 12065 12066 12067 12068 12069 12070 12071 12072 12073 12074 12075 12076 
		12077 12078 12079 12080 12081 12082 12083 12084 12087 12088 12089 12090 12091 12092 12093 12094 12095 12096 12097 12098 12099 12100 12101 12102 12103 12104 
		12105 12106 12107 12108 12109 12110 12111 12112 12113 12114 12115 12116 12117 12118 12119 12120 12138 12139 12140 12174 12175 12176 12177 12178 12179 12180 
		12181 12182 12183 12184 12185 12186 12187 12188 12189 12190 12191 12192 12193 12194 12195 12196 12197 12198 12199 12200 12201 12202 12203 12204 12205 12206 
		12207 12208 12209 12210 12211 12212 12213 12214 12215 12216 12217 12218 12219 12220 12221 12222 12223 12224 12225 12226 12227 12228 12229 12230 12231 12232 
		12233 12234 12235 12236 12237 12238 12239 12240 12241 12242 12243 12244 12245 12246 12247 12248 12249 12250 12251 12802 12803 12804 12805 12806 12807 12808 
		12809 12810 12811 12812 12813 12814 12815 12816 12817 12818 12819 12820 12821 12822 12823 12824 12825 12826 12827 12828 12829 12830 12831 12832 12833 12834 
		12835 12836 12837 12838 12839 12840 12841 12842 12843 12844 12845 12846 12847 12848 12849 12850 12851 12852 12853 12854 12855 12856 12857 12858 12859 12860 
		12861 12862 12863 12864 12865 12866 12867 12868 
	}

	names = {
		trigger = {
			OR = {
				tag = GBR
				tag = ENG
			}
			primary_culture = english
		}
	}
	names = {
	}
	names = {
	}
}

# Burma Charter
trade_company_burma = {
	color = { 135 150 0 }
	provinces = {
		
	}

	names = {
	}
	names = {
	}
}

# Coromandel Charter
trade_company_coromandel = {
	color = { 50 30 210 }
	provinces = {
		 529  530  531  532  533  534  535  536  537  538  539  540  541  542  544  545  569  572 1946 1947 1948 1949 2026 2027 2028 2029 
		2030 2031 2032 2033 2034 2035 2037 2083 2085 2089 2090 2099 2100 2101 4407 4408 4409 4410 4412 4413 4414 4415 4416 4417 4418 4419 
		4420 4421 4422 4423 4424 4426 4427 4428 4429 4431 4432 4433 4435 4436 4437 4438 4439 4444 12016 12017 12018 12131 12132 12134 12135 12136 
		12137 12141 12142 12143 12144 12145 12146 12147 12148 12149 12150 12151 12152 12153 12154 12155 12156 12157 12158 12159 12160 12161 12162 12163 12164 12165 
		12166 12167 12168 12169 12170 12171 12172 12173 
	}

	names = {
		trigger = {
			OR = {
				tag = GBR
				tag = ENG
			}
			primary_culture = english
		}
	}
	names = {
	}
	names = {
	}
}

# Deccan Charter
trade_company_deccan = {
	color = { 175 27 217 }
	provinces = {
		
	}

	names = {
	}
	names = {
	}
}

# North Indian Charter
trade_company_north_india = {
	color = { 220 150 10 }
	provinces = {
		 506  507  508  510  578 2073 2074 2075 2076 2077 2078 2079 2086 4411 4449 4463 4508 4509 4510 4511 4513 4521 11578 11579 11580 11581 
		11582 11583 11584 11585 11586 11587 11588 11589 11590 11591 11592 11593 11594 11595 11596 11597 11598 11599 11600 11601 11602 11603 11604 11605 11606 11607 
		11608 11609 11610 12019 12020 12021 12022 12023 12024 12025 12026 12027 12039 12040 12041 12042 12043 12044 12045 
	}

	names = {
	}
	names = {
	}
}

# Indonesian Charter
trade_company_indonesia = {
	color = { 0 240 0 }
	provinces = {
		 597  617  618  619  620  621  622  623  624  625  626  627  628  629  630  631  632  633  634  635  636  637  638  639  640  641 
		 656  659 2673 2674 2675 2676 2677 2678 2679 2680 2681 2682 2683 2684 2685 2686 2687 2688 2689 2690 2691 2692 2693 2695 2697 2699 
		2703 2704 2705 2706 2707 2708 2709 2710 2711 2712 2715 2740 3213 4349 4350 4815 9250 9251 9252 9253 9254 9255 9256 9257 9258 9259 
		9260 9261 9262 9263 9264 9265 9266 9267 9268 9269 9270 9271 9272 9273 9274 9275 9276 9277 9278 9279 9280 9281 9282 9283 9284 9285 
		9286 9287 9288 9289 9290 9291 9292 9293 9294 9295 9296 9297 9298 9299 9300 9301 9302 9303 9304 9305 9306 9307 9308 9309 9310 9311 
		9312 9313 9314 9315 9316 9317 9318 9319 9320 9321 9322 9323 9324 9325 9326 9327 9328 9329 9330 9331 9332 9333 9334 9335 9336 9337 
		9338 9339 9340 9341 9342 9343 9344 9345 9346 9347 9348 9349 9350 9351 9352 9353 9354 9355 9356 9357 9358 9359 9360 9361 9362 9363 
		9364 9365 9366 9367 9368 9369 9370 9371 9372 9373 9374 9375 9376 9377 9378 9379 9380 9381 9382 9383 9384 9385 9386 9387 9388 9389 
		9390 9391 9392 9393 9394 9395 9396 9397 9398 9399 9400 9401 9402 9403 9404 9405 9406 9407 9408 9409 9410 9411 9412 9413 9414 9415 
		9416 9417 9418 9419 9420 9421 9422 9423 9424 9425 9426 9427 9428 9429 9430 9431 9432 9433 9434 9435 9436 9437 9438 9439 9440 9737 
		9738 9739 9740 9741 9742 9743 9744 9745 9746 9747 9748 9749 9750 9751 9752 9753 9754 9886 9887 9888 9889 9890 9891 9892 9893 9894 
		9895 9896 9897 9898 9899 9900 9901 9902 9903 9904 9905 9906 9907 9908 9909 9910 9911 9912 9913 9914 9915 9916 9917 9918 9919 9920 
		9921 9922 9923 9924 9925 9926 9927 9928 9929 9930 9931 9932 9933 9934 9935 9936 9937 9938 9939 9940 9941 9942 9943 9944 9945 9946 
		9947 9948 9949 9950 9951 9952 9953 9954 9955 9956 9957 9958 9959 9960 9961 9962 9963 
	}

	names = {
	}
	names = {
	}
}

# Philippine Charter
trade_company_philippines = {
	color = { 0 200 150 }
	provinces = {
		
	}

	names = {
	}
	names = {
	}
}

# Moluccan Charter
trade_company_moluccas = {
	color = { 196 191 61 }
	provinces = {
		 642  643  644  645  646  647  648  649  650  651  652  653  654  655  979 1084 1085 1086 1087 1088 1089 1090 1091 1092 1093 1094 
		1106 1107 1108 1109 1235 1236 1237 1238 1239 1240 1241 1242 1243 1244 1245 1246 1789 1790 1791 1986 1987 1988 1989 1990 1991 1992 
		1993 1994 1995 1996 1997 2696 2700 2701 2702 2713 2714 2716 2717 2718 2719 2720 2721 2722 2723 2724 2725 2726 2727 2728 2729 2730 
		2731 2732 2733 2734 2735 2736 2737 2738 2739 3047 3120 4351 4352 4353 4354 4355 4356 7944 7945 7946 7947 7948 7949 7950 7951 7952 
		7953 7954 7955 7956 7957 7958 7959 7960 7961 7962 7963 7964 7965 7966 7967 7968 7969 7970 7971 7972 7973 7974 7975 7976 7977 7978 
		7979 7980 7981 7982 7983 7984 7985 7986 7987 7988 7989 7990 7991 7992 7993 7994 7995 7996 7997 7998 7999 8000 8001 8002 8003 8004 
		8005 8006 8007 8008 8009 8010 8011 8012 8013 8014 8015 8016 8017 8018 8019 8020 8021 8022 8023 8024 8025 8026 8027 8028 8029 8030 
		8031 8032 8033 8034 8035 8036 8037 8038 8039 8040 8041 8042 8043 8044 8045 8046 8047 8048 8049 8050 8051 8052 8053 8054 8055 8056 
		8057 8058 8059 8060 8061 8062 8063 8064 8065 8066 8067 8068 8069 8070 8071 8072 8073 8074 8075 8076 8077 8078 8079 8080 8081 8082 
		8083 8084 8085 8086 8087 8088 8089 8090 8091 8092 8093 8094 8095 8096 8097 8098 8099 8100 8101 8102 8103 8104 8105 8106 8107 8108 
		8109 8110 8111 8112 8113 8114 8115 8116 8117 8118 8119 8120 8121 8122 8123 8124 8125 8126 8127 8128 8129 8130 8131 8132 8133 8134 
		8135 8136 8137 8138 8139 8140 8141 8142 8143 8144 8145 8146 8147 8148 8149 8150 8151 8152 8153 8154 8155 8156 8157 8158 8159 8160 
		8161 8162 8163 8164 8165 8166 8167 8168 8169 8170 8171 8172 8173 8174 8175 8176 8177 8178 8179 8180 8181 8182 8183 8184 8185 8186 
		8187 8188 8189 8190 8191 8192 8193 8194 8195 8196 8197 8198 8199 8200 8201 8202 8203 8204 8205 8206 8207 8208 8209 8210 8211 8212 
		8213 8214 8215 8216 8217 8218 8219 8220 8221 8222 8223 8224 8225 8226 8227 8228 8229 8230 8231 8232 8233 8234 8235 8236 8237 8238 
		8239 8240 8241 8242 8243 8244 8245 8246 8247 8248 8249 8250 8251 8252 8555 8556 8557 8558 8559 8560 8561 8562 8563 8564 8565 8566 
		8567 8568 8569 8570 8571 8572 8573 8574 8575 8576 8577 8578 8579 8580 8581 8582 8583 8584 8585 8586 8587 8588 8589 8590 8591 8592 
		8593 8594 8595 8596 8597 8598 8599 8600 8601 8602 9441 9442 9443 9444 9445 9446 9447 9448 9449 9450 9451 9452 9453 9454 9455 9456 
		9457 9458 9459 9460 9461 9462 9463 9464 9465 9466 9467 9468 9469 9470 9471 9472 9473 9474 9475 9476 9477 9478 9479 9480 9481 9482 
		9483 9484 9485 9486 9487 9488 9489 9490 9491 9492 9493 9494 9495 9496 9497 9498 9499 9500 9501 9502 9503 9504 9707 9708 9709 9710 
		9711 9712 9713 9714 9715 9716 9717 9718 9719 9720 9721 9722 9723 9724 9725 9726 9727 9728 9729 9730 9731 9732 9733 9734 9735 9736 
		9834 9835 9836 9837 9838 9839 9840 9841 9842 9843 9844 9845 9846 9847 9848 9849 9870 9871 9872 9873 9874 9875 9876 9877 9878 9879 
		9880 9881 9882 9883 9884 9885 10563 10564 10565 10566 10567 10568 10569 10570 10571 10572 10573 10574 10575 10576 10577 10578 10579 10580 14391 14392 
		14393 
	}

	names = {
	}
	names = {
	}
}

# Indochinese Charter
trade_company_indochina = {
	color = { 84 152 93 }
	provinces = {
		 600  603  604  605  606  607  608  609  610  611  612  613  614  616  662  663  675 1016 1022 1823 1844 2371 2372 2373 2374 2375 
		2376 2377 2378 2379 2380 2382 2383 2384 2385 2386 10189 10190 10191 10192 10193 10194 10195 10196 10197 10198 10199 10200 10201 10202 10203 10204 
		10205 10206 10207 10219 10220 10221 10222 10223 10224 10225 10226 10227 10228 10229 10230 10231 10232 10233 10234 10235 10236 10237 10238 10239 10240 10241 
		10242 10243 10244 10245 10246 10247 10248 10249 10250 10251 10252 10253 10254 10255 10256 10261 10262 10263 10264 10265 10266 10267 10268 10269 10270 10271 
		10272 10273 10274 10275 10276 10277 10278 10279 10280 10281 10282 10283 10284 10285 10286 10287 10288 10289 10290 10291 10292 10293 10294 10295 10296 10297 
		10298 10299 10300 10301 10302 10303 10304 10305 10306 10307 10308 11881 11884 11885 11886 
	}

	names = {
	}
	names = {
	}
}

# South Chinese Charter
trade_company_south_china = {
	color = { 100 230 20 }
	provinces = {
		 657  658  664  665  666  667  668  669  670  671  672  673  674  680  681  682  683  684  685  686  687  688  689  692  699  700 
		 707  708  738 1821 1822 1824 1829 1833 1836 1838 1840 2141 2142 2143 2144 2145 2146 2147 2148 2149 2150 2151 2152 2153 2154 2155 
		2156 2157 2158 2159 2160 2161 2162 2163 2164 2168 2171 2172 2173 2174 2175 2176 2179 2180 2181 2182 2183 2698 3005 3276 4196 4197 
		4198 4199 4211 4348 9755 9756 9757 9758 9759 9760 9761 9762 9763 9764 11750 11751 11752 11753 11754 11755 11756 11757 11758 11759 11760 11761 
		11762 11763 11764 11765 11766 11767 11768 11769 11770 11771 11772 11773 11774 11775 11776 11777 11778 11779 11780 11781 11782 11783 11784 11785 11786 11787 
		11788 11789 11790 11791 11792 11793 11794 11795 11796 11797 11798 11799 11800 11801 11802 11803 11804 11805 11806 11807 11808 11809 11810 11811 11812 11813 
		11814 11815 11816 11817 11818 11819 11820 11821 11822 11823 11824 11825 11826 11827 11828 11829 11830 11831 11832 11833 11834 11835 11836 11837 11838 11839 
		11840 11841 11842 11843 11844 11845 11846 11847 11848 11853 11854 11855 11856 11857 11858 11859 11863 11864 11865 11866 11867 11892 11893 11894 11895 11896 
		11897 11898 11899 11900 11901 11902 11903 11904 
	}

	names = {
	}
	names = {
	}
}

# East Chinese Charter
trade_company_east_china = {
	color = { 178 34 34 }
	provinces = {
		
	}

	names = {
	}
	names = {
	}
}

# North Chinese Charter
trade_company_north_china = {
	color = { 60 60 255 }
	provinces = {
		 690  691  693  694  695  696  697  698  701  702  703  709  720  723 1816 2114 2115 2136 2137 2138 2139 2140 2177 2178 2191 2747 
		3009 3010 4194 4195 4203 4223 11614 11615 11722 11723 11724 11725 11726 11727 11728 11729 11730 11731 11732 11733 11734 11735 11736 11737 11738 11739 
		11740 11741 11742 11743 11744 11745 11746 11747 11748 11749 11849 11850 11851 11852 14398 
	}

	names = {
	}
	names = {
	}
}

# North Sea Charter
trade_company_north_sea = {
	color = { 117 165 188 }
	provinces = {
		   1    4    5    7    8    9   10   11   16   17   18   19   20   21   22   23   24   27   28   29   31  246  247  248  249  250 
		 251  252  253  309  313  315  369  370  371  372  373  374  375  376 1104 1105 1250 1266 1280 1281 1282 1776 1777 1804 1886 1887 
		1929 1930 1975 1978 1979 1985 2752 3046 4110 4113 4114 4118 4119 4120 4121 4123 4124 4143 4144 4145 4151 4152 4153 4163 4164 4361 
		4362 4363 4364 4365 4377 4378 4379 4380 4858 4859 4860 4861 4862 4863 4864 4865 4866 4867 4868 4869 4870 4871 4872 4873 4874 4875 
		4876 4877 4878 4879 4880 4881 4882 4883 4884 4885 8436 8437 8438 8439 8440 8441 8442 8443 8444 8445 8446 8447 8448 8449 8450 8451 
		8452 8453 8454 8455 8456 8457 9108 9109 9110 9111 9112 9113 9114 9115 9116 9117 9118 9119 9120 9121 9122 9123 9124 9125 9126 9127 
		9128 9129 9130 9131 9132 9133 9134 9135 9136 9137 9138 9139 9140 9141 9142 9143 9144 9145 9146 9147 9148 9149 9150 9151 9152 9153 
		9154 9155 9156 9157 9158 9159 9160 9161 9162 9163 9164 9165 9166 9167 9168 9169 9170 9171 9172 9173 9174 9175 9176 9177 9178 9179 
		9180 9181 9182 9183 9184 9185 9186 9187 9188 9189 9190 9191 9192 9193 9194 9195 9196 9197 9198 9199 9200 9201 9202 9203 9204 9205 
		9206 9207 9208 9209 9210 9211 9212 9213 9214 9215 9216 9549 9550 9551 9552 9576 9577 9578 9579 9580 9581 9582 9583 9584 9585 9586 
		9588 9589 9590 9591 9592 9593 9594 9595 9596 9597 9598 9599 9600 9623 9624 9625 9626 9627 9628 9629 9630 9631 9632 9633 9634 9635 
		9636 9637 9638 9639 9640 9641 9642 9643 9644 9645 9646 9647 9648 9649 9650 9651 9652 9653 9654 9655 9656 9657 9658 9659 9660 9661 
		9662 9663 9664 9665 9666 9667 9668 9669 9670 9671 9672 9673 9674 9675 9676 9677 9678 9679 9680 9681 9682 9683 9684 9685 9686 9687 
		9688 9689 9690 9691 9692 9693 9694 9695 9696 9697 9698 9699 9700 9701 9965 12289 12290 12291 12292 12293 12294 12295 12296 12297 12310 12313 
		12314 12315 12316 12317 12318 12319 12320 12321 12322 12323 12324 12325 12326 12327 12328 12329 12330 12331 12332 12333 12334 14290 14333 
	}

	names = {
	}
	names = {
	}
}

# White Sea Charter
trade_company_white_sea = {
	color = { 210 46 28 }
	provinces = {
		 294  295  301  302  303  304  305  306  307  308  310  311  312  314  473 1077 1078 1079 1080 1081 1082 1083 1752 1753 1754 1755 
		1778 1780 1955 1956 1957 1958 1959 1962 1963 1964 1972 2415 2418 2419 2421 2422 2423 2425 2427 2441 2444 4117 4122 4129 4147 4156 
		4243 4248 4249 4250 4251 4252 4253 4254 4255 4256 4257 4258 4259 4260 4261 4262 4263 4264 4265 4266 4267 4886 4887 4888 4889 4890 
		4891 4892 4893 4894 4895 4896 4897 4898 4899 4900 4901 4902 4903 4904 4905 4906 4907 4908 4909 4910 4911 4912 4913 4914 4915 4916 
		4917 4918 4919 4920 4921 4922 4923 4924 4925 4926 4927 4928 4929 4952 4953 4954 4955 4956 4957 4958 4959 4960 4961 4962 4963 4964 
		4965 4966 4967 4968 4969 4970 4971 4972 4973 4974 4975 4976 4977 4978 4979 4980 4981 4982 4983 4984 4985 4986 4987 4988 4989 4990 
		4991 4992 4993 4994 4995 4996 4997 4998 4999 5000 5001 5002 5003 5004 5005 5006 5007 5008 5009 5010 5011 5012 5013 5014 5015 5016 
		5017 5018 5019 5020 5021 5022 5023 5024 5025 5026 5027 5028 5029 5030 5031 5032 5033 5034 5035 5036 5037 5038 5039 5040 5041 5042 
		5043 5044 5045 5046 5047 5048 5049 5065 5066 5067 5068 5069 5070 5071 5072 5073 5074 5075 5076 5143 5144 5145 5146 5147 5148 5149 
		5150 5151 5152 5153 5154 5193 5194 5195 5196 5197 5198 5199 5200 5201 5202 5203 5204 5205 5206 5207 5208 5209 5210 5211 5212 5213 
		5214 5215 5216 5217 5218 5219 5220 5221 5222 5223 5224 5225 5226 5227 5228 5229 5230 5231 5232 5233 5234 5235 5236 5237 5238 5239 
		5240 5241 5242 5243 5244 5245 5246 5247 5248 5249 5250 5251 5252 5253 5254 5255 5256 5257 5258 5259 5260 5261 5262 5263 5264 5265 
		5266 5267 5268 5269 5270 5271 5272 5424 5425 5426 5427 5428 5429 5430 5431 5432 5433 5434 5435 5436 5437 5438 5439 5440 5441 5442 
		5443 5444 5445 5446 5447 5448 5449 5450 5451 5452 5453 5454 5455 5456 5457 5458 5459 5460 5461 5462 5463 5464 5465 5466 5467 5468 
		5469 5470 5471 5472 5473 5474 5475 5476 5477 5478 5479 5480 5481 5482 5483 5484 5485 5486 5487 5488 5489 5490 5491 5492 5493 5494 
		5495 5496 5497 5498 5499 5500 5501 5502 5503 5504 5505 5506 5507 5508 5509 5510 5511 5512 5513 5514 5515 5516 5517 5518 5519 5520 
		5521 5522 5523 5524 5525 5526 5527 5528 5529 5530 5531 5532 5533 5534 5535 5536 5582 5583 5584 5585 5586 5587 5588 5589 5590 5591 
		5592 5593 5594 5608 5609 5610 5611 5612 5613 5614 5615 5616 5617 5618 5619 5620 5621 5622 5623 5624 5625 5626 5627 5628 5650 9964 
	}

	names = {
	}
	names = {
	}
}

# Öresund Charter
trade_company_lubeck = {
	color = { 190 70 70 }
	provinces = {
		   2    3    6   12   13   14   15   25   26   44   45   46   47   48 1775 1857 1858 1981 1982 1983 1984 2993 2994 2996 3008 4141 
		4142 4149 4165 4166 9553 9554 9555 9556 9557 9558 9559 9560 9561 9562 9563 9564 9565 9566 9567 9568 9569 9570 9571 9572 9573 9574 
		9575 9587 9601 9602 9603 9604 9605 9606 9607 9608 9609 9610 9611 9612 9613 9614 9615 9616 9617 9618 9619 9620 9621 9622 11342 11343 
		11344 11345 11346 11347 11348 11349 11350 11351 11352 11353 11354 11355 11356 11357 11358 11359 11360 11361 11362 11363 11364 11365 11366 11367 11368 11369 
		11370 11371 11372 11373 11374 11375 11376 12393 12394 12395 12396 12397 12398 12399 12400 12520 12521 12522 12523 12524 12525 12526 12527 12528 12529 12530 
	}

	names = {
	}
	names = {
	}
}

# Baltic Charter
trade_company_baltic_sea = {
	color = { 8 82 165 }
	provinces = {
		  30   32   33   34   35   36   37   38   39   40   41   43  271  273  274 1251 1254 1255 1256 1260 1261 1652 1834 1842 1883 1884 
		1885 1928 1935 1960 1961 1977 2749 2995 2997 3100 4139 4148 4235 4241 4930 4931 4932 4933 4934 4935 4936 4937 4938 4939 4940 4941 
		4942 4943 4944 4945 4946 4947 4948 4949 4950 4951 5124 5125 5126 5127 5128 5129 5130 5131 5132 5133 5134 5135 12593 12594 12595 12596 
		12673 12677 12678 12679 12680 12681 12682 12683 12684 12685 12686 12687 12688 12689 12690 12691 12692 12693 12694 12695 12696 12697 12698 12699 12700 12701 
		12702 12703 12704 12705 14291 14292 14339 14342 14345 14348 
	}

	names = {
	}
	names = {
	}
}

# Narrow Sea Charter
trade_company_english_channel = {
	color = { 220 138 57 }
	provinces = {
		 233  234  235  236  237  238  239  240  241  242  243  244  245 1269 1270 1271 1860 1861 3212 4130 4366 4367 4368 4369 4370 4371 
		4372 4373 4374 4375 4376 12268 12269 12270 12271 12272 12273 12274 12275 12276 12277 12278 12279 12280 12281 12282 12283 12284 12285 12286 12287 12288 
		12298 12300 12301 12302 12303 12304 12305 12306 12307 12308 12309 
	}

	names = {
	}
	names = {
	}
}

# Gascony Charter
trade_company_bordeaux = {
	color = { 36 132 247 }
	provinces = {
		 209  210 1276 2989 10695 10696 
	}

	names = {
	}
	names = {
	}
}

# Maghreb Charter
trade_company_safi = {
	color = { 191 110 62 }
	provinces = {
		 335  336  337  338  342  343  344  345  346  347  348  349  366  368 1110 1111 1112 1115 1127 1128 1129 1130 1132 1133 1142 1156 
		1157 1158 1159 1160 1793 2243 2244 2246 2247 2260 2262 2264 2268 2269 2270 2271 2272 2273 2274 2275 2276 2277 2282 2283 2284 2287 
		2288 2459 2460 2461 2462 2463 2464 2465 2466 2467 2468 2469 2470 2475 2932 3025 3029 3030 3031 3236 3251 3252 3253 3259 4167 4168 
		4169 4562 4564 4565 4568 4569 4841 4842 4843 4844 4845 4846 4847 4848 4849 4850 4851 4852 4853 4854 4855 8362 8363 8364 8365 8366 
		8367 8368 8369 8370 8371 8372 8404 8405 8406 8407 8408 8409 8410 8411 8412 8413 8414 8415 8416 8417 8418 8419 8420 8421 8422 8423 
		8424 8425 8426 8428 8429 10589 10590 10591 10592 10593 10594 10595 10596 10597 10598 10599 10600 10601 10602 10607 10608 10609 10610 10631 10632 10633 
		10634 10635 10636 10637 10638 10639 10640 10641 10642 10643 10644 10645 10646 10647 10648 10649 10650 10651 10652 10653 10732 10733 10734 10735 11377 11378 
		11379 11380 11381 11382 11383 11384 11385 11386 11387 11388 11389 11390 11391 11392 11393 11394 11395 11396 11397 11398 11399 11400 11401 11402 11403 11404 
		11405 11406 11407 11408 11409 11410 11411 11412 14269 14270 14430 
	}

	names = {
	}
	names = {
	}
}

# Catalan Charter
trade_company_valencia = {
	color = { 87 70 168 }
	provinces = {
		 197  211  212  213  214  220  333 1295 1750 2987 2988 2990 4549 4550 4557 4559 4560 10697 
	}

	names = {
	}
	names = {
	}
}

# Burgundian Charter
trade_company_champagne = {
	color = { 193 26 14 }
	provinces = {
		  75   87   88   89   90   91   92   93   94   95   96   97   98   99  100  165  167  168  169  170  171  172  173  174  175  176 
		 177  178  179  180  181  182  183  184  185  186  187  188  189  190  191  192  193  194  195  196  198  199  200  203  204  205 
		1742 1743 1744 1865 1866 1867 1871 1877 1879 1880 2753 2974 2991 3004 4111 4112 4161 4162 4381 4382 4383 4384 4385 4386 4387 4388 
		4389 4390 4391 4392 10008 10009 10010 10011 10012 10013 10014 10015 10016 10017 10018 10019 10020 10021 10022 10023 10024 10025 10026 10027 10654 10655 
		10656 10657 10658 10659 10660 10661 10662 10663 10664 10665 10666 10667 10668 10669 10670 10671 10672 10673 10674 10675 10676 10677 10678 10679 10680 10681 
		10682 10896 10897 11325 11326 11327 11328 11329 11331 11694 11695 11696 11697 11698 12391 12392 12519 
	}

	names = {
	}
	names = {
	}
}

# Ligurian Charter
trade_company_genua = {
	color = { 218 215 56 }
	provinces = {
		1297 1298 14326 
	}

	names = {
	}
	names = {
	}
}

# Barbary Coast Charter
trade_company_tunis = {
	color = { 146 134 57 }
	provinces = {
		 339  340  341  350  351  352  353  354  355 1794 1882 2448 2449 2450 2451 2452 2453 2454 2455 2456 2457 2458 2471 2472 2473 2474 
		2954 3072 3073 4566 4567 8373 8374 8375 8376 8377 8378 8379 8380 8381 8382 8383 8384 8385 8386 8387 8388 8389 8390 8391 8392 8393 
		8394 8395 8396 8397 8398 8399 8400 8401 8402 8403 8427 8430 8431 8432 8434 8435 9093 9094 9095 9096 9097 9098 9099 9100 9101 9102 
		9103 9104 9105 9106 9107 9540 9541 9542 9543 9544 9545 
	}

	names = {
	}
	names = {
	}
}

# Rhineland Charter
trade_company_rheinland = {
	color = { 114 171 184 }
	provinces = {
		  56   66   67   69   70   71   72   74   77   78   79   80   81   82   83   84   85   86  166 1760 1761 1762 1869 1870 1872 1873 
		1876 1878 1890 2972 2973 2975 4160 11330 11332 11333 11334 11335 11336 11337 11338 11339 11340 11341 12430 12432 12433 12434 12435 12436 12437 12438 
		12439 12440 12441 12442 12443 12444 12445 12446 12447 12451 12452 12453 12454 12457 12458 12459 12460 12461 12462 12463 12464 12465 12466 12467 12468 12469 
		12470 12471 12472 12473 12474 12475 12476 12477 12478 12479 12480 12481 12482 12483 12484 12485 12486 12487 12488 12489 12490 12491 12492 12493 12494 12495 
		12496 12497 12498 12499 12500 12501 14328 
	}

	names = {
	}
	names = {
	}
}

# Saxon Charter
trade_company_saxony = {
	color = { 36 182 69 }
	provinces = {
		  49   50   51   52   53   54   55   57   58   59   60   61   62   63 1258 1758 1759 1763 1874 1931 2964 2965 2966 2969 2971 12401 
		12402 12403 12404 12405 12406 12407 12408 12409 12410 12411 12412 12413 12414 12415 12416 12417 12418 12419 12420 12421 12422 12423 12424 12425 12426 12427 
		12428 12429 12431 12448 12449 12450 12455 12456 12531 12532 12533 12534 12535 14331 
	}

	names = {
	}
	names = {
	}
}

# Austrian Charter
trade_company_wien = {
	color = { 220 220 220 }
	provinces = {
		  64   65   68   73   76  132  133  134  135  153  154  162  265  266  267 1318 1757 1768 1770 1771 1772 1864 1868 2955 2956 2957 
		2967 2968 2970 4126 4159 4236 4237 4240 10488 10489 10490 10491 10492 10493 10494 10495 10496 10497 10498 10499 10500 10501 10502 10503 11263 11264 
		11265 11266 11267 11268 11269 11270 11271 11272 11273 11274 11275 11276 11277 11278 11279 11280 11281 11282 11283 11284 11285 11286 11287 11288 11289 11290 
		11291 11292 11295 11296 11300 12502 12503 12504 12505 12506 12507 12508 12509 12510 12511 12512 12513 12514 12515 12516 12517 12518 
	}

	names = {
	}
	names = {
	}
}

# Adriatic Charter
trade_company_venice = {
	color = { 54 167 156 }
	provinces = {
		 101  102  103  104  105  106  107  108  109  110  111  112  113  114  115  116  117  118  119  120  121  122  123  124  125  126 
		 127  128  129  130  131  136  137  138  139  140  143  152  201  202 1247 1308 1767 1769 1774 1826 1828 1831 1862 1863 1875 1933 
		1934 2976 2977 2978 2979 2980 2981 2982 2983 2984 2985 2986 2992 3002 3141 4174 4175 10309 10310 10311 10312 10313 10314 10315 10316 10317 
		10318 10319 10320 10321 10322 10323 10324 10325 10326 10327 10328 10329 10330 10331 10332 10333 10334 10335 10336 10337 10338 10339 10340 10341 10342 10343 
		10344 10345 10346 10347 10348 10349 10350 10351 10352 10353 10354 10355 10356 10357 10389 10390 10391 10392 10393 10394 10395 10396 10397 10683 11293 11294 
		11297 11298 11299 12335 12336 12337 12338 12339 12340 12341 12342 12343 12344 12345 12346 12347 12348 12349 12350 12351 12352 12353 12354 12355 12356 12357 
		12358 12359 12360 12361 12362 12363 12364 12365 12366 12367 12368 12369 12370 12371 12372 12373 12374 12375 12376 12377 12378 12379 12380 12381 12382 12383 
		12384 12385 12386 12387 12388 12389 12390 14431 14432 14445 14446 14447 14448 
	}

	names = {
	}
	names = {
	}
}

# Polish Charter
trade_company_krakow = {
	color = { 108 111 86 }
	provinces = {
		  42  254  255  256  257  258  259  260  261  262  263  264  767 1841 1859 1939 1940 1952 2424 2958 2959 2960 2961 2963 4238 4523 
		4524 4525 4526 4527 4528 4533 4538 4541 12536 12537 12538 12539 12540 12541 12542 12543 12544 12545 12546 12547 12548 12549 12550 12551 12552 12553 
		12554 12555 12556 12557 12558 12559 12560 12561 12562 12563 12564 12565 12566 12567 12568 12569 12570 12571 12572 12573 12574 12575 12576 12577 12578 12579 
		12580 12581 12582 12583 12584 12585 12586 12587 12588 12589 12590 12591 12592 12597 12598 12599 12600 12601 12602 12603 12604 12605 12606 12607 12608 12609 
		12610 12611 12612 12613 12614 12615 12616 12617 12618 12619 12620 12621 12622 12623 12624 12625 12626 12627 12628 12629 12630 12631 12632 12633 12634 12635 
		12636 12637 12638 12639 12640 12641 12642 12643 12644 12645 12646 12647 12648 12649 12650 12651 12935 12936 12937 12938 12939 12940 12941 12942 12943 12944 
		12945 12946 12947 12948 12949 12950 12951 
	}

	names = {
	}
	names = {
	}
}

# Carpathian Charter
trade_company_pest = {
	color = { 172 95 81 }
	provinces = {
		 141  155  156  157  158  160  161  268 1325 1766 1827 1951 1953 1954 2405 2998 3000 3147 4125 4127 4128 4173 4176 4239 4529 4530 
		4531 4532 10358 10359 10360 10361 10362 10363 10364 10365 10366 10367 10368 10369 10370 10371 10372 10373 10374 10375 10376 10377 10378 10379 10380 10381 
		10458 10459 10460 10461 10462 10463 10464 10465 10466 10467 10468 10469 10470 10471 10472 10473 10474 10475 10476 10477 10478 10479 10480 10481 10482 10483 
		10484 10485 10486 10487 10509 10510 10511 10512 10513 10514 10515 10516 10517 10518 10519 10520 10521 10522 10523 10524 10525 10526 10527 10528 10529 10530 
		10531 10532 10533 10534 10535 10536 10537 10538 10539 14325 
	}

	names = {
	}
	names = {
	}
}

# Balkan Charter
trade_company_ragusa = {
	color = { 85 89 67 }
	provinces = {
		14322 14323 14324 
	}

	names = {
	}
	names = {
	}
}

# Anatolian Charter
trade_company_constantinople = {
	color = { 126 203 120 }
	provinces = {
		 142  144  145  146  147  148  149  150  151  159  163  164  316  317  318  319  320  322  323  324  325  326  328  329  330  331 
		1319 1764 1765 1773 1846 1848 1853 1891 2296 2297 2298 2299 2300 2301 2304 2305 2306 2348 2746 2750 3001 3003 3250 4303 4307 4308 
		4309 4311 4312 4313 4314 4315 9217 9218 9219 9220 9221 9222 9223 9224 9225 9226 9227 9228 9229 9230 9231 9232 9233 9234 9235 9238 
		9239 9240 9241 9242 9243 9246 10382 10383 10384 10385 10386 10387 10388 10398 10399 10400 10401 10402 10403 10404 10405 10406 10407 10408 10409 10410 
		10411 10412 10413 10414 10415 10416 10417 10418 10419 10420 10421 10422 10423 10424 10425 10426 10427 10428 10429 10430 10431 10432 10433 10434 10435 10436 
		10437 10438 10439 10440 10441 10442 10443 10444 10445 10446 10447 10448 10449 10450 10451 10452 10453 10454 10455 10456 10457 14400 14401 14402 14403 14404 
		14405 14406 14407 14408 14409 14410 14411 14412 14413 14414 14415 14416 14417 14418 14419 14420 14421 14423 14425 14426 14427 14428 14429 14433 14434 14435 
		14436 14437 14438 14439 14440 14441 14442 14443 14444 14459 14460 14461 14462 14463 14464 14465 14466 14467 14468 
	}

	names = {
	}
	names = {
	}
}

# Egyptian Charter
trade_company_alexandria = {
	color = { 200 200 102 }
	provinces = {
		 356  357  358  359  360  361  362  363  364  365  774 1216 1217 1219 1220 1221 1222 1225 1226 1228 1229 1231 1232 1233 1234 1795 
		1798 1976 2315 2316 2317 2318 2319 2320 2321 2322 2323 2324 2325 2326 2771 2787 2797 2798 2799 2800 2801 2802 3244 3263 4033 4316 
		4317 4318 4319 4320 4321 4322 4323 9546 9547 9548 9812 9813 9814 9815 9816 9817 9819 9820 9821 9822 9823 9966 9967 9968 9969 9970 
		9971 9972 9973 9974 9975 9976 9977 9978 9979 9980 9981 9982 9983 9984 9985 9986 9987 9988 9989 9990 9991 9992 9993 9994 9995 9996 
		9997 9998 9999 10000 10001 10002 10003 10004 10005 10006 10007 10603 10604 10605 10606 10919 11255 11256 11257 11258 11259 11260 11261 11262 12874 12875 
		12876 12877 12878 14263 14264 14450 14452 14454 14456 
	}

	names = {
	}
	names = {
	}
}

# Gulf of Aden Charter
trade_company_gulf_of_aden = {
	color = { 96 75 65 }
	provinces = {
		 385  386  387  388  389  390  391  392  402  788 1099 1100 1102 1103 1182 1183 1185 1186 1187 1188 1189 1190 1191 1192 1193 1194 
		1195 1196 1197 1198 1199 1200 1201 1202 1203 1204 1205 1206 1207 1208 1209 1210 1211 1212 1213 1214 1215 1218 1223 1224 1227 1230 
		1273 1331 1792 1799 1800 1899 1900 1925 2024 2331 2332 2335 2336 2341 2343 2344 2345 2346 2756 2757 2758 2759 2760 2761 2762 2763 
		2764 2765 2766 2767 2768 2769 2770 2772 2773 2774 2775 2776 2777 2778 2779 2780 2781 2782 2783 2784 2785 2786 2788 2789 2790 2791 
		2792 2793 2794 2795 2796 3267 3268 4020 4021 4022 4023 4024 4025 4026 4027 4028 4029 4030 4031 4032 4034 4035 4036 4037 4038 4039 
		4040 4041 4042 4043 4044 4045 4046 4047 4048 4049 4050 4051 4052 4053 4054 4055 4056 4057 4058 4059 4060 4061 4062 4063 4064 4065 
		4066 4067 4068 4069 4070 4071 4072 4073 4074 4075 4076 4077 4086 4089 4090 4094 4095 4097 4098 4099 4100 4101 4102 4103 4104 4105 
		4106 4107 4108 4109 4158 4273 4274 4275 4276 4277 4278 4279 4280 4281 4282 4283 4284 4346 10587 10588 10837 10838 10839 10840 10841 10842 
		10843 10844 10845 10846 10847 10848 10849 10850 10851 10852 10853 10854 10855 10871 10872 10873 10874 10875 10876 10877 10878 10879 10880 10881 10882 10883 
		10884 10885 10886 10887 10888 10920 10921 10922 10923 10924 10925 10926 10927 10928 10929 10930 10931 10932 10933 10934 10935 10936 10937 10938 10939 10940 
		10941 10942 10943 10944 10945 10946 10947 10948 10949 10950 10951 10952 10953 10954 10955 10956 10957 10958 10959 10960 10961 10962 10963 10964 10965 10966 
		10967 10968 10969 10970 10971 10972 10973 10974 10975 10976 10977 10978 10979 10980 10981 10982 10983 10984 10985 10986 10987 10988 10989 10990 10991 10992 
		10993 10994 11224 11225 11226 11227 11228 11229 11230 11231 11232 11233 11234 11235 11236 11237 11238 11239 11240 11241 11242 11243 11244 11245 11246 11247 
		11248 11249 11250 11251 11252 11253 11254 11313 11314 11315 11316 11317 11318 11319 11320 11321 11322 11323 11324 11416 11417 11418 11419 11420 11421 11422 
		11423 11424 11425 11973 11974 11975 11976 11977 11978 11979 11980 11981 11982 11983 11984 11985 11986 11987 11988 11989 11990 11991 13105 13106 13107 13108 
		13109 13116 13117 13118 13119 13120 13121 13122 13123 13124 13125 13126 13127 13128 13129 13130 13131 13132 13133 13134 13135 13136 13137 13138 13139 13140 
		13141 13142 13143 13144 13145 13146 13147 13148 13149 13150 13151 13152 13153 13154 13155 13156 13157 13158 13159 13160 13161 13162 13163 13164 13166 13167 
		13168 13169 13170 13171 13172 13173 13174 13175 13176 13177 13178 13179 13180 13181 13182 13183 13184 13185 13186 13187 13188 13189 13190 13191 13192 13193 
		13194 13195 13196 13197 13198 13199 13200 13201 13202 13203 13204 13205 13206 13207 13208 13209 13210 13211 13212 13213 13214 13215 13216 13217 13218 13219 
		13220 13221 13222 13223 13224 13225 13226 13227 13228 13229 13230 13231 13232 13233 13234 13235 13236 13237 13238 13239 13240 13241 13242 13243 13244 13245 
		13246 13247 13248 13249 13250 13251 13252 13253 14297 14300 
	}

	names = {
	}
	names = {
	}
}

# Ruthenian Charter
trade_company_kiev = {
	color = { 41 28 31 }
	provinces = {
		 269  270  272  275  276  277  278  279  280  281  289  290  292  293  296  297  298  299  300  467  770  771 1936 1937 1938 1941 
		1942 1943 1944 1945 2407 2408 2962 4115 4116 4242 4244 4245 4246 4247 4534 4535 4536 4537 4539 4540 4542 4543 4544 4545 5050 5051 
		5052 5053 5054 5055 5056 5057 5058 5059 5060 5061 5062 5063 5064 5077 5078 5079 5080 5081 5082 5083 5084 5085 5086 5087 5088 5089 
		5090 5091 5092 5093 5094 5095 5096 5097 5098 5099 5100 5101 5102 5103 5104 5105 5106 5107 5108 5109 5110 5111 5112 5113 5114 5115 
		5116 5117 5118 5119 5120 5121 5122 5123 5136 5137 5138 5139 5140 5141 5142 5155 5156 5157 5158 5159 5160 5161 5162 5163 5164 5165 
		5166 5167 5168 5169 5170 5171 5172 5173 5174 5175 5176 5177 5178 5179 5180 5181 5182 5183 5184 5185 5186 5187 5188 5189 5190 5191 
		5192 12652 12653 12654 12655 12656 12657 12658 12659 12660 12661 12662 12663 12664 12665 12666 12667 12668 12669 12670 12671 12672 12674 12675 12676 12879 
		12880 12881 12882 12883 12884 12885 12886 12887 12888 12889 12890 12891 12892 12893 12894 12895 12896 12897 12898 12899 12900 12901 12902 12903 12904 12905 
		12906 12907 12908 12909 12910 12911 12912 12913 12914 12915 12916 12917 12918 12919 12920 12921 12922 12923 12924 12925 12926 12927 12928 12929 12930 12931 
		12932 12933 12934 12952 12953 12954 12955 12956 12957 12958 12959 12960 12961 12962 12963 12964 12965 12966 12967 12968 12969 12970 12971 12972 12973 12974 
		12975 12976 12977 12978 12979 12980 12981 12982 12983 12984 
	}

	names = {
	}
	names = {
	}
}

# Muscovy Charter
trade_company_novgorod = {
	color = { 97 126 37 }
	provinces = {
		
	}

	names = {
	}
	names = {
	}
}

# Crimean Charter
trade_company_crimea = {
	color = { 59 158 125 }
	provinces = {
		 282  283  284  285  286  287  288  291  464  466  468 1756 1894 1971 1974 2406 2409 2410 2411 2412 2413 2414 2416 2417 2447 3061 
		3249 5273 5274 5275 5276 5277 5278 5279 5280 5281 5282 5283 5284 5285 5286 5287 5288 5289 5290 5291 5292 5293 5294 5295 5296 5297 
		5298 5299 5300 5301 5302 5303 5304 5305 5306 5307 5308 5309 5310 5311 5312 5313 5314 5315 5316 5317 5318 5319 5320 5321 5322 5323 
		5324 5325 5326 5327 5328 5329 5330 5331 5332 5333 5334 5335 5336 5337 5338 5339 5340 5341 5342 5343 5344 5358 5359 5360 5361 5362 
		5363 5364 5365 5366 5367 5368 5369 5370 5371 5372 12985 12986 12987 12988 12989 12990 12991 12992 12993 12994 12995 12996 12997 12998 12999 13000 
		13001 13002 13003 13004 13005 13006 13007 13008 13009 13010 13011 13012 13013 13014 13015 13016 13017 13018 13019 13020 13021 13022 13023 13024 13025 13026 
		13027 13028 13029 13030 13031 13032 13033 
	}

	names = {
	}
	names = {
	}
}

# Levantine Charter
trade_company_aleppo = {
	color = { 202 150 172 }
	provinces = {
		 321  327  332  377  378  379  380  381  382  383  384  393  405 1849 1854 1855 2302 2303 2308 2313 2327 2328 2329 2330 2334 2337 
		3070 4268 4269 4270 4271 4272 4297 4298 4310 9236 9237 10032 10033 10034 10036 10037 10504 10505 10506 10507 10508 10775 10776 10777 10778 10779 
		10780 10781 10782 10783 10784 10785 10786 10787 10788 10789 10790 10791 10792 10830 10831 10832 10833 10834 10835 10836 10856 10857 10858 10859 10860 10861 
		10862 10863 10864 10865 10866 10867 10868 10869 10870 14424 14449 14451 14453 14455 14457 14458 
	}

	names = {
	}
	names = {
	}
}

# Ural Charter
trade_company_kazan = {
	color = { 202 150 172 }
	provinces = {
		
	}

	names = {
	}
	names = {
	}
}

# Caspian Charter
trade_company_astrakhan = {
	color = { 202 120 152 }
	provinces = {
		 419  420  421  422  423  425  462  463 1856 2195 2196 2197 2198 2199 2201 2202 2203 2204 2205 2208 4299 4301 4302 4305 4306 5345 
		5346 5347 5348 5349 5350 5351 5352 5353 5354 5355 5356 5357 5373 5374 5375 5376 5377 5378 5379 5380 5381 5382 5383 5384 5385 5386 
		5387 5388 5389 5390 5391 5392 5393 5394 5395 5396 5397 5398 5399 5400 5401 5402 5403 5404 5405 5406 5407 5408 5409 5410 5411 5412 
		5413 5414 5415 5416 5417 5418 5419 5420 5421 5422 5423 9244 9245 9702 9703 9704 9705 9706 9824 9825 9826 9827 9828 9829 9830 9831 
		9832 9833 10028 10029 10030 10031 
	}

	names = {
	}
	names = {
	}
}

# Mashriq Charter
trade_company_basra = {
	color = { 152 151 146 }
	provinces = {
		 395  406  407  408  409  410  411  412  415  418 2217 2307 2309 2310 2311 2312 2314 2338 2340 3211 4288 4289 4290 4291 4292 4293 
		4294 4295 4296 4342 9247 9248 9249 10035 10793 10794 10795 10796 10889 10890 10891 10894 10895 11015 11016 11017 11071 11101 11102 11147 11148 11149 
		11150 11151 11152 11153 11154 11155 11156 11157 11158 11159 11160 11161 11162 11163 11164 11165 11166 11167 11168 11169 11170 11171 14399 
	}

	names = {
	}
	names = {
	}
}

# Persian Charter
trade_company_persia = {
	color = { 204 119 31 }
	provinces = {
		 413  414  416  417  424  426  427  428  429  430  432  433  434  435  436  446  447  448  449  450  451  575  576  577 1785 2068 
		2200 2206 2207 2209 2210 2211 2212 2213 2214 2215 2216 2218 2220 2221 2222 2224 2225 2226 2227 2228 2229 2230 2231 2232 2234 2235 
		2236 3243 4170 4171 4172 4177 4300 4304 4324 4325 4326 4328 4329 4330 4331 4332 4334 4335 4336 4337 4338 4339 4340 4341 4345 11011 
		11012 11013 11014 11018 11019 11020 11021 11022 11023 11024 11025 11026 11027 11028 11029 11030 11031 11032 11033 11034 11035 11036 11037 11038 11039 11040 
		11041 11042 11043 11044 11045 11046 11047 11048 11049 11050 11051 11052 11053 11054 11055 11056 11057 11058 11059 11060 11061 11062 11063 11064 11065 11066 
		11067 11068 11069 11070 11072 11073 11074 11075 11076 11077 11078 11079 11080 11081 11082 11083 11084 11085 11086 11087 11088 11089 11090 11091 11092 11093 
		11094 11095 11096 11097 11098 11099 11100 11103 11104 11105 11106 11107 11108 11109 11110 11111 11112 11113 11114 11115 11116 11117 11118 11119 11120 11121 
		11122 11123 11124 11125 11126 11127 11128 11129 11130 11131 11132 11133 11134 11135 11136 11137 11138 11139 11140 11141 11142 11143 11144 11145 11146 11172 
		11173 11174 11175 11176 11177 11178 11179 11180 11181 11182 11183 11184 11185 11186 11187 11188 11189 11190 11191 11200 11201 11202 11203 11204 11205 11206 
		11207 11208 11209 11210 11211 11212 11216 11217 11218 11219 11220 11221 11222 11223 11538 11539 11540 11541 11542 11543 11544 11545 11546 11547 11548 11549 
		11550 11551 11552 11553 11554 11555 11556 11557 11558 11559 11560 11561 11562 11563 11564 11565 11566 11567 11568 11569 11570 
	}

	names = {
	}
	names = {
	}
}

# Hormuz Charter
trade_company_hormuz = {
	color = { 177 108 98 }
	provinces = {
		 394  396  397  398  399  400  401  403  404  431 1779 2219 2223 2233 2333 2339 2342 2347 2999 4285 4286 4287 4327 10892 10893 11192 
		11193 11194 11195 11196 11197 11198 11199 11213 11214 11215 11301 11302 11303 11304 11305 11306 11307 11308 11309 11311 11312 11413 11414 11415 
	}

	names = {
	}
	names = {
	}
}

# Siberian Charter
trade_company_siberia = {
	color = { 147 96 77 }
	provinces = {
		1034 1035 1036 1037 1038 1039 1040 1041 1042 1044 1045 1046 1051 1052 1054 1055 1059 1060 1061 1062 1063 1067 1069 1070 1071 1072 
		1073 1074 1075 1076 1781 1782 2426 2428 2429 2430 2431 2432 2435 2436 2437 2438 2439 2440 2442 2443 2445 5595 5596 5597 5598 5599 
		5600 5601 5602 5603 5604 5605 5606 5607 5629 5630 5631 5632 5633 5634 5635 5636 5637 5638 5639 5640 5641 5642 5643 5644 5645 5646 
		5647 5648 5649 5651 5652 5653 5654 5655 5656 5657 5658 5659 5660 5661 5662 5663 5664 5665 5666 5667 5758 5759 5760 5761 5762 5763 
		5764 5765 5766 5767 5768 5769 5770 5771 5772 5773 5774 5775 5776 5777 5778 5779 5780 5781 5782 5783 5800 5801 5802 5803 5804 5805 
		5806 5807 5808 5809 5810 5811 5812 5813 5814 5815 5816 5817 5818 5926 5927 5928 5929 5930 5931 5932 5933 5934 5935 5936 5937 5938 
		5939 5940 5941 5942 5943 5944 5945 5946 5947 5948 5949 5950 5951 5952 5953 5954 5955 5956 5957 5958 5959 5960 5961 5962 5963 5964 
		5965 5966 
	}

	names = {
	}
	names = {
	}
}

# Transoxianian Charter
trade_company_samarkand = {
	color = { 141 120 67 }
	provinces = {
		 437  438  439  440  441  442  443  444  445  452  453  454  455  456  457  458  459  460  461  465  469  470  471  472  474  475 
		 476  477  478  479  480  710  711  712  714  716  739 1064 1065 1066 1068 1327 1784 1786 1965 1966 1967 1968 1969 1970 1973 2118 
		2119 2120 2121 2123 2124 2125 2126 2127 2192 2349 2350 2351 2352 2353 2354 2355 2356 2357 2358 2359 2360 2361 2362 2363 2364 2365 
		2366 2367 2368 2369 2370 2420 2433 2434 4137 4138 4208 4209 4210 4343 4344 5537 5538 5539 5540 5541 5542 5543 5544 5545 5546 5547 
		5548 5549 5550 5551 5552 5553 5554 5555 5556 5557 5558 5559 5560 5561 5562 5563 5564 5565 5566 5567 5568 5569 5570 5571 5572 5573 
		5574 5575 5576 5577 5578 5579 5580 5581 5668 5669 5670 5671 5672 5673 5674 5675 5676 5677 5678 5679 5680 5681 5682 5683 5684 5685 
		5686 5687 5688 5689 5690 5691 5692 5693 5694 5695 5696 5697 5698 5699 5700 5701 5702 5703 5704 5705 5706 5707 5708 5709 5710 5711 
		5712 5713 5714 5715 5716 5717 5718 5719 5720 5721 5722 5723 5724 5725 5726 5727 5728 5729 5730 5731 5732 5733 5734 5735 5736 5737 
		5738 5739 5740 5741 5742 5743 5744 5745 5746 5747 5748 5749 5750 5751 5752 5753 5754 5755 5756 5757 5784 5785 5786 5787 5788 5789 
		5790 5791 5792 5793 5794 5795 5796 5797 5798 5799 8458 8459 8460 8461 8462 8463 8464 8465 8466 8467 8468 8469 8470 8471 8472 8473 
		8474 8475 8476 8477 8478 8479 8480 8481 8482 8483 8484 8485 8486 8487 8488 8489 8490 8491 8492 8493 8494 8495 8496 8497 8498 8499 
		8500 8501 8502 8503 8504 8505 8506 8507 8508 8509 8510 8511 8512 8513 8514 8515 8516 8517 8518 8519 8520 8521 8522 8523 8524 8525 
		8526 8527 8528 8529 8530 8531 8532 8533 8534 8535 8536 8537 8538 8539 8540 8541 8542 8543 8544 8545 8546 8547 8548 8549 8550 8551 
		8552 8553 8554 11426 11427 11428 11429 11430 11431 11432 11433 11434 11435 11436 11437 11438 11439 11440 11441 11442 11443 11444 11445 11446 11447 11448 
		11449 11450 11451 11452 11453 11454 11455 11456 11457 11458 11459 11460 11461 11462 11463 11464 11465 11466 11467 11468 11469 11470 11471 11472 11473 11474 
		11475 11476 11477 11478 11479 11480 11481 11482 11483 11484 11485 11486 11487 11488 11489 11490 11491 11492 11493 11494 11495 11496 11497 11498 11499 11500 
		11501 11502 11503 11504 11505 11506 11507 11508 11509 11510 11511 11512 11513 11514 11515 11516 11517 11518 11519 11520 11521 11522 11523 11524 11525 11526 
		11527 11528 11529 11530 11531 11532 11533 11534 11535 11536 11537 11887 11888 11890 14280 
	}

	names = {
	}
	names = {
	}
}

# Manchurian Charter
trade_company_girin = {
	color = { 41 82 45 }
	provinces = {
		 704  722  724  725  726  727  728  729  730  731 1032 1033 1043 1047 1048 1049 1050 1053 1783 1850 2102 2103 2104 2105 2106 2107 
		2108 2109 2110 2111 2112 2113 2185 2186 2187 2188 4200 4201 4202 4214 4215 4216 4217 4218 4660 5862 5863 5864 5865 5866 5867 5868 
		5869 5870 5871 5872 5873 5874 5875 5876 5877 5878 5879 5880 5881 5882 5883 5884 5885 5886 5887 5888 5889 5890 5891 5892 5893 5894 
		5895 5896 5897 5898 5899 5900 5901 5902 5903 5904 5905 5906 5907 5908 5909 5910 5911 5912 5913 5914 5915 5916 5917 5918 5919 5920 
		5921 5922 5923 5924 5925 11699 11700 11701 11702 11703 11704 11705 11706 11707 11708 11709 11710 11711 11712 11713 11714 11715 11716 11717 11718 11719 
		11720 11721 11891 14397 
	}

	names = {
	}
	names = {
	}
}

# Nippon Charter
trade_company_nippon = {
	color = { 98 133 112 }
	provinces = {
		 732  733  734  735  736  737 1012 1013 1014 1015 1017 1018 1019 1020 1021 1023 1024 1025 1026 1027 1028 1029 1030 1031 1376 1818 
		1819 1820 1825 1830 1832 1835 1837 1839 1843 1845 1847 1852 2694 2741 2742 2743 2744 2745 4131 4180 4181 4182 4183 4184 4185 4186 
		4187 4188 4189 4190 4191 4192 4193 4227 4228 4229 4230 4231 4232 4359 4360 11905 11906 11907 11908 11909 11992 11993 11994 11995 11996 11997 
		11998 11999 12000 12001 12002 12003 12004 12005 12006 12007 12008 12009 12010 12011 12012 12013 12014 12015 14394 
	}

	names = {
	}
	names = {
	}
}

# Mongolian Charter
trade_company_yumen = {
	color = { 115 93 58 }
	provinces = {
		 713  715  717  718  719  721 1056 1057 1058 2116 2117 2122 2189 2190 2193 2446 4206 4207 4219 4220 4221 4222 5819 5820 5821 5822 
		5823 5824 5825 5826 5827 5828 5829 5830 5831 5832 5833 5834 5835 5836 5837 5838 5839 5840 5841 5842 5843 5844 5845 5846 5847 5848 
		5849 5850 5851 5852 5853 5854 5855 5856 5857 5858 5859 5860 5861 11611 11612 11613 11616 11617 11618 11619 11889 
	}

	names = {
	}
	names = {
	}
}

# Yellow River Charter
trade_company_xian = {
	color = { 159 112 119 }
	provinces = {
		
	}

	names = {
	}
	names = {
	}
}

# Sichuan Charter
trade_company_chengdu = {
	color = { 196 157 34 }
	provinces = {
		
	}

	names = {
	}
	names = {
	}
}

# Tibetan Charter
trade_company_lhasa = {
	color = { 106 112 138 }
	provinces = {
		 705  706 2128 2129 2131 2132 2134 2135 2169 2170 2184 2194 3275 4204 4205 4401 4518 4519 4520 4522 11860 11861 11862 11868 11869 11870 
		11871 
	}

	names = {
	}
	names = {
	}
}

# Punjabi Charter
trade_company_lahore = {
	color = { 63 150 30 }
	provinces = {
		
	}

	names = {
	}
	names = {
	}
}


